S_wavelength_sweep_slice(501,1)
 2.629878600837e-04
 1.524021348602e-03
 2.138631262497e-03
 2.047355108666e-04
 1.734858526240e-03
 2.011792780322e-03
 1.835977612233e-04
 1.921467851481e-03
 1.878602182618e-03
 1.925267509689e-04
 2.082773587470e-03
 1.746741651395e-03
 2.242156597676e-04
 2.219665408494e-03
 1.622005035472e-03
 2.716741341966e-04
 2.334347699720e-03
 1.508496062154e-03
 3.285826835705e-04
 2.429786562387e-03
 1.408913974900e-03
 3.894701099759e-04
 2.509268409899e-03
 1.324872129890e-03
 4.497619117280e-04
 2.576065890970e-03
 1.257211764666e-03
 5.057443016155e-04
 2.633196669161e-03
 1.206287246933e-03
 5.544815634698e-04
 2.683256175211e-03
 1.172209879831e-03
 5.937164488106e-04
 2.728304941668e-03
 1.155044720730e-03
 6.217757196344e-04
 2.769793060057e-03
 1.154959218488e-03
 6.374965136386e-04
 2.808507635346e-03
 1.172324350532e-03
 6.401841230184e-04
 2.844533191796e-03
 1.207768979011e-03
 6.296078540114e-04
 2.877219438791e-03
 1.262186973245e-03
 6.060384772153e-04
 2.905155461969e-03
 1.336694866456e-03
 5.703278835231e-04
 2.926154197445e-03
 1.432536015590e-03
 5.240283807603e-04
 2.937255930593e-03
 1.550926013611e-03
 4.695450651826e-04
 2.934764431869e-03
 1.692834102625e-03
 4.103094086477e-04
 2.914333961451e-03
 1.858697236472e-03
 3.509552888976e-04
 2.871129293419e-03
 2.048067942186e-03
 2.974700858338e-04
 2.800083406420e-03
 2.259204864449e-03
 2.572835176452e-04
 2.696277513142e-03
 2.488626273147e-03
 2.392465610346e-04
 2.555464258505e-03
 2.730661897019e-03
 2.534438873451e-04
 2.374745489242e-03
 2.977056602258e-03
 3.107785473684e-04
 2.153399065204e-03
 3.216699180055e-03
 4.222709563762e-04
 1.893822892909e-03
 3.435568306241e-03
 5.980300795867e-04
 1.602527438285e-03
 3.617001931855e-03
 8.458875461027e-04
 1.291060576529e-03
 3.742401238144e-03
 1.169738274067e-03
 9.766936435522e-04
 3.792470247034e-03
 1.567703893303e-03
 6.826422549166e-04
 3.749060999047e-03
 2.030322482564e-03
 4.375532998992e-04
 3.597635354544e-03
 2.539058151216e-03
 2.739810735370e-04
 3.330261587614e-03
 3.065498881746e-03
 2.256271857047e-04
 2.948932065775e-03
 3.571649168232e-03
 3.232574870984e-04
 2.468816760646e-03
 4.011704276738e-03
 5.894510858123e-04
 1.920865527269e-03
 4.335599566263e-03
 1.032672152625e-03
 1.352969013625e-03
 4.494453025174e-03
 1.641535240527e-03
 8.287438372106e-04
 4.447759663119e-03
 2.380466639795e-03
 4.230207058557e-04
 4.171851138475e-03
 3.188129553277e-03
 2.134110424326e-04
 3.668699557175e-03
 3.979875496373e-03
 2.680197262138e-04
 2.973625259443e-03
 4.655065225953e-03
 6.304721856917e-04
 2.159910433934e-03
 5.109411760669e-03
 1.304752445764e-03
 1.337868801923e-03
 5.251638405115e-03
 2.243489923143e-03
 6.458787763401e-04
 5.022810430937e-03
 3.343740003994e-03
 2.317028583306e-04
 4.415709757633e-03
 4.453560029820e-03
 2.245104069550e-04
 3.490534401500e-03
 5.390791272074e-03
 7.013994205458e-04
 2.382064158657e-03
 5.972916926340e-03
 1.656025490279e-03
 1.292652337869e-03
 6.054382550530e-03
 2.979433572031e-03
 4.659940836153e-04
 5.565756757982e-03
 4.462453356524e-03
 1.400282760083e-04
 4.547417140725e-03
 5.824420692726e-03
 4.844283468798e-04
 3.168639446542e-03
 6.766023631221e-03
 1.537550653697e-03
 1.721288413205e-03
 7.037575883270e-03
 3.164848084298e-03
 5.777389248867e-04
 6.509981209400e-03
 5.059743047262e-03
 1.089237400301e-04
 5.233623361630e-03
 6.796483979232e-03
 5.733715952782e-04
 3.468361253893e-03
 7.927350163130e-03
 2.008605611884e-03
 1.665321979093e-03
 8.102612930684e-03
 4.170116073601e-03
 3.828932069435e-04
 7.186052979599e-03
 6.555672280321e-03
 1.344629359987e-04
 5.338479889132e-03
 8.522036521985e-03
 1.199313838064e-03
 3.039886561086e-03
 9.464747359250e-03
 3.467702814051e-03
 1.017865904418e-03
 9.011580382227e-03
 6.403312004891e-03
 6.020147723319e-05
 7.180557051532e-03
 9.165861379848e-03
 7.336200849603e-04
 4.457904606264e-03
 1.086333959174e-02
 3.104996270445e-03
 1.747126653364e-03
 1.085048829052e-02
 6.611556610744e-03
 1.428891189006e-04
 8.986283496003e-03
 1.018327767664e-02
 5.357083879605e-04
 5.781534984234e-03
 1.259180498198e-02
 3.173997817062e-03
 2.367932696593e-03
 1.289029257245e-02
 7.419446934773e-03
 2.125369805106e-04
 1.079698736705e-02
 1.188595629143e-02
 5.645164308359e-04
 6.920213346540e-03
 1.493495103185e-02
 3.810531546969e-03
 2.732537734869e-03
 1.530442362240e-02
 9.109411261906e-03
 1.794458573266e-04
 1.263980066223e-02
 1.460740012170e-02
 8.920602258821e-04
 7.789603832231e-03
 1.816607810081e-02
 5.277672187808e-03
 2.747963785103e-03
 1.823200164966e-02
 1.206732745562e-02
 7.515441489647e-05
 1.451545178818e-02
 1.873388952270e-02
 1.763044967613e-03
 8.325872890187e-03
 2.256965966824e-02
 8.012750983945e-03
 2.417539348186e-03
 2.182276862652e-02
 1.680923060782e-02
 9.768607712329e-05
 1.648238297247e-02
 2.474514361421e-02
 3.607965391226e-03
 8.594832233283e-03
 2.855182849800e-02
 1.260260647352e-02
 1.922820240550e-03
 2.645276830956e-02
 2.398324889878e-02
 5.936719980893e-04
 1.895531098466e-02
 3.336129244405e-02
 6.895805753127e-03
 9.069959714027e-03
 3.703978317084e-02
 1.960027338242e-02
 1.704659476988e-03
 3.340933316352e-02
 3.437348332516e-02
 1.777764630379e-03
 2.358136714131e-02
 4.600330019207e-02
 1.149633509302e-02
 1.142379605601e-02
 5.063844712550e-02
 2.879682841187e-02
 2.709949252507e-03
 4.693023520160e-02
 4.853842019403e-02
 2.925078023347e-03
 3.625456651427e-02
 6.536633199514e-02
 1.445948114415e-02
 2.238425647152e-02
 7.594296138285e-02
 3.541687619214e-02
 1.045953614310e-02
 7.968320050811e-02
 6.130169118441e-02
 5.037625606431e-03
 7.855186314158e-02
 8.803475074658e-02
 7.881647027271e-03
 7.662145557175e-02
 1.139763614411e-01
 1.685185857563e-02
 7.997153262560e-02
 1.400444715388e-01
 2.635162086751e-02
 9.811723724523e-02
 1.671186489581e-01
 2.982215124407e-02
 1.478298662941e-01
 1.851987291174e-01
 4.285079006732e-02
 2.428764486095e-01
 1.396654636773e-01
 2.055992159057e-01
 2.754149545621e-01
 2.444506464460e-01
 3.358040685383e-01
 4.849835054962e-01
 6.591994866763e-01
 7.622749614686e-01
 7.983094741395e-01
 8.201679715701e-01
 8.363903057815e-01
 8.496427560404e-01
 8.610680195485e-01
 8.712516484545e-01
 8.805301326925e-01
 8.891127594139e-01
 8.971373215786e-01
 9.046983865769e-01
 9.118628151555e-01
 9.186788157208e-01
 9.251814826551e-01
 9.313963063166e-01
 9.373414497405e-01
 9.430292357426e-01
 9.484670984570e-01
 9.536581437411e-01
 9.586013932665e-01
 9.632917354686e-01
 9.677195577579e-01
 9.718699733285e-01
 9.757214592072e-01
 9.792435426773e-01
 9.823927988869e-01
 9.851055517369e-01
 9.872833687982e-01
 9.887602218860e-01
 9.892108003806e-01
 9.877638521660e-01
 9.758206415649e-01
 8.483851286544e-01
 5.702269930891e-01
 4.039391539110e-01
 4.605836119280e-01
 3.711294207534e-01
 1.528185608220e-01
 4.131341264184e-01
 4.452101005207e-02
 2.469495206389e-01
 2.744718747377e-01
 8.883532094679e-03
 2.122464601396e-01
 2.041328153272e-01
 7.952406667489e-03
 1.572783683276e-01
 1.760103604159e-01
 1.434515297902e-02
 9.934341993521e-02
 1.598152242128e-01
 3.403713599261e-02
 4.627177833260e-02
 1.374305184968e-01
 6.297105572446e-02
 1.158484455638e-02
 1.009833593692e-01
 8.793418165311e-02
 7.084362796873e-03
 5.481703569427e-02
 9.515911105444e-02
 2.880932440097e-02
 1.626065483594e-02
 7.822307255710e-02
 5.680815740498e-02
 4.535530965520e-03
 4.375690729207e-02
 6.978250325101e-02
 2.081417124190e-02
 1.221982486276e-02
 5.814058000806e-02
 4.510079888078e-02
 4.525284123844e-03
 2.971965275663e-02
 5.477713559501e-02
 2.084358224932e-02
 6.561195047155e-03
 4.160694776661e-02
 4.050201087639e-02
 6.449415864212e-03
 1.700778746462e-02
 4.345613543061e-02
 2.381894535204e-02
 3.232369549713e-03
 2.705227181234e-02
 3.722366296373e-02
 1.079760112571e-02
 7.514261194258e-03
 3.231753681658e-02
 2.699238750999e-02
 3.955146460870e-03
 1.449667769247e-02
 3.212988300349e-02
 1.658497745364e-02
 2.877634031265e-03
 2.059262283255e-02
 2.782650664288e-02
 8.520203194693e-03
 5.602775413643e-03
 2.402071613545e-02
 2.140147140360e-02
 3.822591126654e-03
 9.900512431332e-03
 2.445948384884e-02
 1.468952077271e-02
 2.334852767811e-03
 1.402595560565e-02
 2.245573209692e-02
 8.981942445007e-03
 3.226507533167e-03
 1.695701691043e-02
 1.891281524117e-02
 4.940724966209e-03
 5.464224856469e-03
 1.831892317535e-02
 1.474540559840e-02
 2.693030639736e-03
 8.126371163665e-03
 1.818757309776e-02
 1.069001574123e-02
 2.006039993538e-03
 1.054963296239e-02
 1.688700504763e-02
 7.233432227044e-03
 2.467434167147e-03
 1.235198529456e-02
 1.483012127965e-02
 4.618720698748e-03
 3.628101538020e-03
 1.338753990027e-02
 1.241360218125e-02
 2.893551584040e-03
 5.092409200359e-03
 1.367670984321e-02
 9.960732626522e-03
 1.973619806691e-03
 6.560658770651e-03
 1.333777433490e-02
 7.700120693922e-03
 1.703052813369e-03
 7.837022001696e-03
 1.253189545538e-02
 5.767896430091e-03
 1.902245050461e-03
 8.817239503247e-03
 1.142479312058e-02
 4.222848284224e-03
 2.400193675954e-03
 9.467485472905e-03
 1.016367081291e-02
 3.066615636339e-03
 3.052604874950e-03
 9.801906103431e-03
 8.866108094759e-03
 2.263748637876e-03
 3.749021871381e-03
 9.862927249963e-03
 7.617297245540e-03
 1.758755334293e-03
 4.412634546888e-03
 9.705993780185e-03
 6.472418000506e-03
 1.488988739830e-03
 4.995958592738e-03
 9.388915473257e-03
 5.461653678183e-03
 1.393359162784e-03
 5.474757958550e-03
 8.965225935975e-03
 4.596097904584e-03
 1.417475621608e-03
 5.841759550560e-03
 8.480666521930e-03
 3.873454514669e-03
 1.516060700619e-03
 6.101031465934e-03
 7.971888970794e-03
 3.282942185819e-03
 1.653484406712e-03
 6.263409765141e-03
 7.466590401997e-03
 2.809173971953e-03
 1.803138488067e-03
 6.343048284410e-03
 6.984465317741e-03
 2.435008964352e-03
 1.946203106878e-03
 6.354992383144e-03
 6.538531705135e-03
 2.143497975683e-03
 2.070190706867e-03
 6.313599049264e-03
 6.136537577999e-03
 1.919097733775e-03
 2.167511028486e-03
 6.231607027846e-03
 5.782271393340e-03
